List 방식
-3.517757
-3.494979
-3.585441
-3.649144
-3.813139
-3.89441
-4.041597
-4.16648
-4.316805
-4.330048
-4.352864
-4.39482
-4.443861
-4.442972
-4.59596
-4.81856

Queue 방식 1
-3.533244
-3.618624
-3.750781
-3.809858
-4.08243
-4.231079
-4.395096
-4.496919
-4.586214
-4.639946
-4.725443
-4.824926
-4.869682
-4.912335
-5.056714
-5.19452

Queue 방식 2 (일부 출력 삭제)
-3.441244
-3.489974
-3.52562
-3.62319
-3.800823
-3.979512
-4.115501
-4.232717
-4.325856
-4.383823
-4.40282
-4.496964
-4.566036
-4.600708
-4.679493
-4.912827

AwaitMakeNote WaitUntil로 변경
-5.663167
-5.677043
-5.684501
-5.600151
-5.646224
-5.674757
-5.58241
-5.598895
-5.626512
-5.641342
-5.63938
-5.637324
-5.639584
-5.705155
-5.685483
-5.663485

startY 싱크 추가
-4.120031
-4.123687
-4.1587
-4.140985
-4.056367
-4.20862
-4.137073
-4.092334
-4.082008
-4.125826
-4.151062
-4.167362
-4.164536
-4.163029
-4.168414
-4.098191